
============================================================
Model: ML_RF
============================================================

Basic Metrics:
  accuracy            : 0.7672
  precision_weighted  : 0.7909
  precision_macro     : 0.7522
  recall_weighted     : 0.7672
  recall_macro        : 0.7750
  f1_weighted         : 0.7722
  f1_macro            : 0.7559
  auc_roc             : 0.8441

Per-Class Metrics:
  Class_0:
    precision      : 0.8769230769230769
    recall         : 0.75
    f1             : 0.8085106382978723
    support        : 76
  Class_1:
    precision      : 0.6274509803921569
    recall         : 0.8
    f1             : 0.7032967032967034
    support        : 40

Confusion Matrix:
  [[57 19]
 [ 8 32]]
