
============================================================
Model: GB
============================================================

Basic Metrics:
  accuracy            : 0.9872
  precision_weighted  : 0.9876
  precision_macro     : 0.9839
  recall_weighted     : 0.9872
  recall_macro        : 0.9896
  f1_weighted         : 0.9872
  f1_macro            : 0.9865
  auc_roc             : 1.0000

Per-Class Metrics:
  Class_0:
    precision      : 0.967741935483871
    recall         : 1.0
    f1             : 0.9836065573770492
    support        : 30
  Class_1:
    precision      : 1.0
    recall         : 0.9791666666666666
    f1             : 0.9894736842105263
    support        : 48

Confusion Matrix:
  [[30  0]
 [ 1 47]]
